black/red 128 140 217
black/blue 157 120 63
black/pink 137 130 205
white/green 149 164 73
white/pink 171 134 224
white/red 140 144 225
black/blue' 215 162 86
white/blue 164 116 58
black/yellow 174 226 212
white/yellow 211 237 225
white/blue' 217 153 56
black/green 140 166 88




Piece.K: ([240,150,0], [255,180,80]),
            Piece.Q: ([150,120,140], [220,160,255]),
            Piece.B: ([225,225,140], [255,255,255]),
            Piece.N: ([210,180,0], [255,220,80]),
            Piece.R: ([220,120,140], [255,155,255]),
            Piece.P: ([245,0,220], [255,100,250])




Hash: 		011101101010 11011
History: 	000000000000 11111
XOR:		011101101010 00100
		

Piece.K: ([140,0,0], [255,150,127]),
            Piece.Q: ([0,0,127], [120,127,255]),
            Piece.B: ([100,127,127], [200,255,255]),
            Piece.N: ([0,127,0], [160,225,127]),
            Piece.R: ([120,0,127], [255,127,255]),
            Piece.P: ([160,150,0], [255,255,127])


pip install
opencv
serial
numpy

Piece.K: ([127,0,0], [255,127,127]),
            Piece.Q: ([0,0,127], [127,127,255]),
            Piece.B: ([0,127,127], [127,255,255]),
            Piece.N: ([0,127,0], [127,225,127]),
            Piece.R: ([127,0,127], [255,127,255]),
            Piece.P: ([127,127,0], [255,255,127])

Q 86 87 166
K 204 122 50
B >192
N 141 153 73
N 122 136 82
